384
387
278
416
294
336
493
150
422
363
28
191
60
264
427
41
173
237
212
369
68
430
283
31
124
136
303
23
59
70
168
394
457
12
43
230
374
420
285
38
199
325
316
371
414
27
92
481
171
497
282
306
426
85
328
337
6
347
314
358
125
396
83
46
315
368
435
365
44
251
88
309
277
179
289
404
152
255
400
433
61
177
240
13
227
87
95
40
296
71
379
468
102
98
403
318
153
257
302
281
287
442
366
190
445
120
441
32
118
272
482
176
210
428
357
498
354
466
307
184
220
29
372
233
330
4
20
271
209
216
341
297
224
119
246
452
56
380
489
265
229
342
351
194
1
35
415
488
244
492
228
360
437
52
438
276
408
475
122
359
30
238
236
319
429
144
405
444
114
39
107
129
189
370
418
471
491
500
273
226
145
91
140
455
170
465
198
8
356
305
349
112
123
329
300
344
247
69
423
312
311
106
162
231
321
127
417
259
425
138
63
101
37
453
51
469
72
474
132
382
431
434
395
161
164
200
460
274
169
96
467
185
377
108
446
180
419
388
413
160
10
211
343
207
214
373
322
256
320
100
222
440
206
128
151
485
159
421
225
270
397
82
131
293
473
126
386
223
141
399
299
25
156
495
5
361
143
80
385
494
462
327
260
203
7
22
409
459
499
254
249
304
334
134
149
391
47
298
250
34
364
393
187
476
158
461
57
295
3
182
148
36
135
340
193
130
50
286
178
401
239
472
450
290
183
42
262
24
310
235
58
115
313
53
79
447
291
81
94
215
480
111
470
275
142
121
389
339
67
261
350
218
19
284
484
479
258
439
26
75
234
174
348
432
463
292
116
448
232
241
55
99
326
17
219
478
186
208
245
412
451
64
376
456
90
269
383
323
483
487
378
263
89
18
192
154
74
464
105
352
486
196
97
33
197
73
331
48
436
205
279
155
458
248
172
202
204
221
335
11
110
54
490
288
104
267
84
477
117
137
338
9
411
78
355
217
353
163
16
166
362
113
301
139
345
49
157
324
76
167
175
449
406
392
181
280
243
213
317
201
93
165
109
496
14
146
268
333
454
242
252
62
188
253
407
15
398
86
266
410
367
45
66
308
103
443
381
133
21
402
424
375
195
77